"",32.500
150.0000,0.0000E+000
151.0000,-3.8524E+000
152.0000,-2.3696E+001
153.0000,-6.0541E+001
154.0000,-8.4011E+001
155.0000,-5.5686E+001
156.0000,-2.9605E+001
157.0000,-6.3959E+001
158.0000,-4.2179E+001
159.0000,-2.3591E+001
160.0000,-8.5809E+001
161.0000,-6.6355E+001
162.0000,-8.1348E+000
163.0000,-1.2662E+001
164.0000,-1.2389E+001
165.0000,-7.0642E+001
166.0000,-4.6906E+001
167.0000,-3.2241E+001
168.0000,4.2876E+000
169.0000,-8.0256E+000
170.0000,-6.0708E+001
171.0000,-8.5767E+001
172.0000,-5.4581E+001
173.0000,-3.2574E+001
174.0000,-5.3627E+001
175.0000,-6.6084E+001
176.0000,-8.5824E+001
177.0000,-5.8920E+001
178.0000,-3.5851E+001
179.0000,-2.4749E+001
180.0000,-9.2116E+001
181.0000,-1.0600E+002
182.0000,-7.7335E+001
183.0000,-6.6157E+001
184.0000,-6.3552E+001
185.0000,-9.9367E+001
186.0000,-1.1843E+002
187.0000,-1.0764E+002
188.0000,-7.2717E+001
189.0000,-9.4946E+001
190.0000,-1.0318E+002
191.0000,-9.2772E+001
192.0000,-7.9493E+001
193.0000,-1.0822E+002
194.0000,-7.8368E+001
195.0000,-7.2767E+001
196.0000,-9.1635E+001
197.0000,-8.8282E+001
198.0000,-1.2040E+002
199.0000,-1.3537E+002
200.0000,-1.5631E+002
201.0000,-9.2319E+001
202.0000,-1.1757E+002
203.0000,-1.3161E+002
204.0000,-1.0537E+002
205.0000,-1.3360E+002
206.0000,-8.3798E+001
207.0000,-9.1580E+001
208.0000,-1.0544E+002
209.0000,-1.2508E+002
210.0000,-1.3670E+002
211.0000,-1.1879E+002
212.0000,-5.7904E+001
213.0000,-6.2899E+001
214.0000,-9.4889E+001
215.0000,-1.0253E+002
216.0000,-1.5329E+002
217.0000,-1.4218E+002
218.0000,-1.0400E+002
219.0000,-1.8336E+002
220.0000,-1.4335E+002
221.0000,-1.4047E+002
222.0000,-1.8594E+002
223.0000,-1.9757E+002
224.0000,-1.6163E+002
225.0000,-1.1948E+002
226.0000,-8.4545E+001
227.0000,-9.9316E+001
228.0000,-7.0928E+001
229.0000,-7.8349E+001
230.0000,-6.2395E+001
231.0000,-9.1750E+001
232.0000,-1.3180E+002
233.0000,-9.7820E+001
234.0000,-1.1276E+002
235.0000,-1.0958E+002
236.0000,-7.8500E+001
237.0000,-9.5414E+001
238.0000,-1.5492E+002
239.0000,-6.8349E+001
240.0000,-5.9220E+001
241.0000,-8.0630E+001
242.0000,-1.4213E+002
243.0000,-9.8990E+001
244.0000,-1.5869E+002
245.0000,-1.3158E+002
246.0000,-6.2408E+001
247.0000,-4.5339E+001
248.0000,-5.3059E+001
249.0000,-5.5151E+001
250.0000,-6.0606E+001
251.0000,-6.4644E+001
252.0000,-1.1921E+002
253.0000,-1.0961E+002
254.0000,-9.8038E+001
255.0000,-9.4768E+001
256.0000,-5.8249E+001
257.0000,-2.8276E+001
258.0000,-4.1115E+001
259.0000,-3.9950E+001
260.0000,-4.7215E+001
261.0000,-5.2865E+001
262.0000,-1.1886E+002
263.0000,-1.7223E+002
264.0000,-1.0398E+002
265.0000,-6.3800E+001
266.0000,-7.0523E+001
267.0000,-9.3812E+001
268.0000,-1.2182E+002
269.0000,-1.0928E+002
270.0000,-1.1657E+002
271.0000,-1.3158E+002
272.0000,-1.1266E+002
273.0000,-1.1142E+002
274.0000,-1.0249E+002
275.0000,-6.0608E+001
276.0000,-3.1172E+001
277.0000,-1.3718E+002
278.0000,-1.0480E+002
279.0000,-6.9869E+001
280.0000,-6.1825E+001
281.0000,-5.6741E+001
282.0000,-4.3237E+001
283.0000,-1.2565E+002
284.0000,-5.8223E+001
285.0000,-1.3404E+002
286.0000,-1.3747E+002
287.0000,-1.1550E+002
288.0000,-7.9422E+001
289.0000,-1.3070E+002
290.0000,-5.6735E+001
291.0000,-4.0041E+001
292.0000,-4.0562E+001
293.0000,-1.8542E+002
294.0000,-8.7613E+001
295.0000,-7.0457E+001
296.0000,-8.3391E+001
297.0000,-1.4022E+002
298.0000,-1.4051E+002
299.0000,-7.9853E+001
300.0000,-1.1008E+002
301.0000,-1.9046E+002
302.0000,-1.3958E+002
303.0000,-4.0258E+001
304.0000,-2.3616E+001
305.0000,-5.2585E+001
306.0000,-8.4337E+001
307.0000,-7.3699E+001
308.0000,-5.9032E+001
309.0000,-4.8485E+001
310.0000,-4.7887E+001
311.0000,-9.5162E+000
312.0000,7.5223E+000
313.0000,-4.9121E+001
314.0000,-3.3832E+001
315.0000,-5.3600E+000
316.0000,-9.0506E+000
317.0000,-1.4228E+001
318.0000,-8.1473E+000
319.0000,2.3452E+001
320.0000,-3.6748E+000
321.0000,-5.9011E+001
322.0000,-6.0122E+001
323.0000,-7.7998E+001
324.0000,-6.4789E+001
325.0000,-5.7465E+001
326.0000,-5.8851E+001
327.0000,-8.4127E+001
328.0000,-5.0782E+001
329.0000,-3.9677E+001
330.0000,-1.7293E+001
331.0000,-3.1796E+001
332.0000,-2.7994E+001
333.0000,8.0274E+000
334.0000,2.9656E+001
335.0000,-1.1514E+002
336.0000,-7.8507E+001
337.0000,-8.3889E+001
338.0000,-6.5705E+001
339.0000,-1.0055E+002
340.0000,-4.1838E+001
341.0000,-1.5909E+002
342.0000,-7.2178E+001
343.0000,-5.6698E+001
344.0000,-3.3690E+001
345.0000,-3.5083E+001
346.0000,-2.9737E+001
347.0000,-1.7833E+001
348.0000,-1.0377E+001
349.0000,-3.0265E+001
350.0000,-2.3596E+001
351.0000,-2.5061E+001
352.0000,-5.9084E+001
353.0000,-4.2048E+001
354.0000,-5.0475E+001
355.0000,-3.6015E+001
356.0000,-1.6831E+001
357.0000,-3.2746E+001
358.0000,-2.2541E+001
359.0000,-1.7320E+001
360.0000,-4.9821E+001
361.0000,-3.5690E+001
362.0000,-6.1438E+001
363.0000,-4.3740E+001
364.0000,-3.5718E+001
365.0000,-2.1533E+001
366.0000,-3.8335E+001
367.0000,-2.8115E+001
368.0000,-1.9409E+001
369.0000,5.5614E+000
370.0000,5.4469E+001
371.0000,-2.6338E+001
372.0000,-1.2603E+001
373.0000,-4.6611E+001
374.0000,-7.4803E+001
375.0000,-5.1840E+001
376.0000,-2.7341E+001
377.0000,-1.3718E+001
378.0000,-1.3312E+001
379.0000,-2.2489E+001
380.0000,-6.3674E+001
381.0000,-7.9771E+001
382.0000,-4.2364E+001
383.0000,-1.9996E+001
384.0000,-9.4026E+001
385.0000,-7.3961E+001
386.0000,-2.4493E+001
387.0000,-2.1969E+001
388.0000,-2.2727E+001
389.0000,-5.6909E+001
390.0000,-8.7656E+001
391.0000,-3.4371E+001
392.0000,-2.3531E+001
393.0000,-5.1765E+001
394.0000,-3.9248E+001
395.0000,-3.0327E+001
396.0000,-2.7647E+001
397.0000,-1.4043E+001
398.0000,-4.3758E+001
399.0000,-6.6824E+001
400.0000,-8.6670E+001
401.0000,-6.7364E+001
402.0000,-5.5263E+001
403.0000,-5.8504E+001
404.0000,-7.2498E+001
405.0000,-3.8188E+001
406.0000,-3.5971E+001
407.0000,-5.3434E+001
408.0000,-6.7502E+001
409.0000,-5.6323E+001
410.0000,-9.4805E+001
411.0000,-7.6848E+001
412.0000,-4.1225E+001
413.0000,-4.0705E+001
414.0000,-8.0023E+001
415.0000,-2.2047E+001
416.0000,-1.9398E+001
417.0000,-1.5409E+001
418.0000,-6.6597E+001
419.0000,-8.1044E+001
420.0000,-3.1988E+001
421.0000,-1.5267E+001
422.0000,-9.7523E+000
423.0000,-1.6981E+001
424.0000,-1.9174E+001
425.0000,-1.6708E+001
426.0000,-8.4305E+000
427.0000,-2.1119E+001
428.0000,-4.7241E+001
429.0000,-1.1641E+002
430.0000,-5.6694E+001
431.0000,-7.3077E+001
432.0000,-4.1299E+001
433.0000,-1.7727E+001
434.0000,-5.6801E+000
435.0000,-1.0905E+001
436.0000,-7.7284E+000
437.0000,2.4844E+001
438.0000,1.2276E+001
439.0000,-5.1024E+001
440.0000,-4.6106E+001
441.0000,-5.9688E+001
442.0000,-3.9252E+001
443.0000,-4.5853E+001
444.0000,-3.5796E+001
445.0000,-5.1197E+000
446.0000,-4.3474E+000
447.0000,-8.0219E+000
448.0000,-6.9898E+000
449.0000,-7.2760E+000
450.0000,1.2118E+001
451.0000,-4.8420E+001
452.0000,-9.7321E+001
453.0000,-5.0526E+001
454.0000,-3.8405E+001
455.0000,-2.6395E+001
456.0000,-1.4179E+001
457.0000,-1.0622E+001
458.0000,-3.5271E+001
459.0000,-3.5626E+001
460.0000,-4.8763E+001
461.0000,-3.3251E+001
462.0000,-5.7227E+001
463.0000,-5.1921E+001
464.0000,-4.4911E+001
465.0000,-2.8079E+001
466.0000,-3.5249E+001
467.0000,-2.4730E+001
468.0000,-2.0168E+001
469.0000,-2.9506E+001
470.0000,-2.4417E+001
471.0000,-2.5326E+001
472.0000,-1.7221E+001
473.0000,-1.9449E+001
474.0000,-2.6749E+001
475.0000,-2.1796E+001
476.0000,-9.5728E+000
477.0000,1.6806E+000
478.0000,-6.7995E+000
479.0000,-1.8817E+001
480.0000,-1.6315E+001
481.0000,-8.9456E+000
482.0000,4.7433E+000
483.0000,1.0782E+000
484.0000,-1.7381E+001
485.0000,-4.0950E+001
486.0000,-3.1971E+001
487.0000,-6.6310E+001
488.0000,-6.8443E+001
489.0000,-5.5125E+001
490.0000,-4.5151E+001
491.0000,-3.1203E+001
492.0000,-2.9809E+001
493.0000,-6.2921E-001
494.0000,1.3177E+001
495.0000,8.7208E+000
496.0000,-5.5993E+001
497.0000,-1.0871E+002
498.0000,-7.2298E+001
499.0000,-2.4894E+001
500.0000,-4.9869E+000
501.0000,-3.8123E+001
502.0000,-5.4377E+001
503.0000,-4.9715E+001
504.0000,-4.4260E+001
505.0000,-6.7194E+001
506.0000,-4.6777E+001
507.0000,-3.4390E+001
508.0000,-1.0142E+001
509.0000,-1.3720E+001
510.0000,-5.3033E+001
511.0000,-5.1870E+001
512.0000,-4.6527E+001
513.0000,-8.9081E+001
514.0000,-3.6111E+001
515.0000,-2.8361E+001
516.0000,-2.1542E+001
517.0000,-1.8921E+001
518.0000,-4.3258E+001
519.0000,-8.5470E+001
520.0000,-3.7570E+001
521.0000,-1.2230E+002
522.0000,-9.0909E+001
523.0000,-4.1552E+001
524.0000,-2.4778E+001
525.0000,-4.9202E+001
526.0000,-6.0382E+001
527.0000,-5.9374E+001
528.0000,-9.7657E+001
529.0000,-8.4001E+001
530.0000,-6.5160E+001
531.0000,-6.2493E+001
532.0000,-9.7433E+001
533.0000,-1.0616E+002
534.0000,-9.3231E+001
535.0000,-1.0104E+002
536.0000,-1.3112E+002
537.0000,-2.0448E+002
538.0000,-1.5989E+002
539.0000,-9.6243E+001
540.0000,-3.5585E+001
541.0000,-2.3694E+001
542.0000,-2.3705E+001
543.0000,-5.7974E+001
544.0000,-1.3520E+002
545.0000,-1.4070E+002
546.0000,-1.6076E+002
547.0000,-1.5723E+002
548.0000,-8.8848E+001
549.0000,-1.0352E+002
550.0000,-4.0369E+001
551.0000,-6.5208E+001
552.0000,-8.2681E+001
553.0000,-5.8047E+001
554.0000,-5.5811E+001
555.0000,-2.0854E+001
556.0000,-6.0525E+001
557.0000,-1.1354E+002
558.0000,-1.3779E+002
559.0000,-1.1150E+002
560.0000,-1.0006E+002
561.0000,-8.7627E+001
562.0000,-8.9596E+001
563.0000,-7.8055E+001
564.0000,-7.8058E+001
565.0000,-1.1616E+002
566.0000,-1.5002E+002
567.0000,-1.0969E+002
568.0000,-9.3631E+001
569.0000,-6.0760E+001
570.0000,-6.9292E+001
571.0000,-7.2923E+001
572.0000,-7.2076E+001
573.0000,-9.1045E+001
574.0000,-8.9339E+001
575.0000,-7.4598E+001
576.0000,-1.1684E+002
577.0000,-9.3864E+001
578.0000,-9.1572E+001
579.0000,-1.1333E+002
580.0000,-1.7662E+002
581.0000,-1.7830E+002
582.0000,-1.1626E+002
583.0000,-5.7901E+001
584.0000,-1.2000E+002
585.0000,-1.2844E+002
586.0000,-1.3157E+002
587.0000,-8.4217E+001
588.0000,-7.6200E+001
589.0000,-1.2951E+002
590.0000,-1.5621E+002
591.0000,-1.2758E+002
592.0000,-8.9049E+001
593.0000,-1.1527E+002
594.0000,-2.4528E+002
595.0000,-1.4383E+002
596.0000,-8.8704E+001
597.0000,-9.7261E+001
598.0000,-1.1473E+002
599.0000,-9.6039E+001
600.0000,-4.0572E+001
601.0000,-1.1000E+001
602.0000,-7.3697E+001
603.0000,-8.4797E+001
604.0000,-7.9096E+001
605.0000,-9.0918E+001
606.0000,-5.9374E+001
607.0000,-8.6309E+001
608.0000,-1.7699E+002
609.0000,-1.3138E+002
610.0000,-8.4236E+001
611.0000,-1.5882E+002
612.0000,-1.2215E+002
613.0000,-1.1080E+002
614.0000,-4.2397E+001
615.0000,-3.9593E+001
616.0000,-5.0995E+001
617.0000,-4.7578E+001
618.0000,-8.5492E+001
619.0000,-1.8975E+002
620.0000,-1.0163E+002
621.0000,-1.2456E+002
622.0000,-1.3966E+002
623.0000,-1.2387E+002
624.0000,-8.4620E+001
625.0000,-8.9278E+001
626.0000,-9.9166E+001
627.0000,-7.2322E+001
628.0000,-4.1474E+001
629.0000,-5.1971E+001
630.0000,-1.3463E+002
631.0000,-1.0442E+002
632.0000,-7.1244E+001
633.0000,-3.2824E+001
634.0000,-1.9800E+001
635.0000,-7.8221E+001
636.0000,-1.5990E+002
637.0000,-1.0197E+002
638.0000,-1.1409E+002
639.0000,-1.0031E+002
640.0000,-7.4779E+001
641.0000,-5.3311E+001
642.0000,-4.4381E+001
643.0000,-3.3156E+001
644.0000,-9.5522E+001
645.0000,-6.1137E+001
646.0000,-9.0544E+001
647.0000,-1.0847E+002
648.0000,-9.7625E+001
649.0000,-1.3149E+002
650.0000,-1.5636E+002
651.0000,-1.5651E+002
652.0000,-1.4259E+002
653.0000,-1.3362E+002
654.0000,-7.6210E+001
655.0000,-3.2717E+001
656.0000,-2.4891E+001
657.0000,-6.3372E+001
658.0000,-8.3446E+001
659.0000,-4.7923E+001
660.0000,-4.2521E+001
661.0000,-5.5162E+001
662.0000,-7.3456E+001
663.0000,-1.0828E+002
664.0000,-6.4965E+001
665.0000,-1.8292E+002
666.0000,-1.4674E+002
667.0000,-8.5838E+001
668.0000,-8.9775E+001
669.0000,-8.7014E+001
670.0000,-1.0196E+002
671.0000,-1.1496E+002
672.0000,-1.1903E+002
673.0000,-7.5700E+001
674.0000,-9.3478E+001
675.0000,-1.0941E+002
676.0000,-7.5951E+001
677.0000,-6.6951E+001
678.0000,-9.2526E+001
679.0000,-1.1344E+002
680.0000,-7.0850E+001
681.0000,-5.8562E+001
682.0000,-5.8659E+001
683.0000,-1.1204E+001
684.0000,-1.4154E+002
685.0000,-1.0489E+002
686.0000,-6.6364E+001
687.0000,-5.8120E+001
688.0000,-7.1731E+001
689.0000,-4.2144E+001
690.0000,-2.3743E+001
691.0000,-1.2288E+002
692.0000,-9.2762E+001
693.0000,-6.5906E+001
694.0000,-3.7013E+001
695.0000,-3.3573E+001
696.0000,-6.2095E+001
697.0000,-7.1875E+001
698.0000,-9.1092E+001
699.0000,-1.5871E+002
700.0000,-7.2537E+001
701.0000,-6.2888E+001
702.0000,-8.7009E+001
703.0000,-4.5244E+001
704.0000,-6.0955E+001
705.0000,-4.7546E+001
706.0000,-4.1562E+001
707.0000,-3.9231E+001
708.0000,-2.7039E+001
709.0000,-3.0924E+001
710.0000,-4.0734E+001
711.0000,-4.5134E+001
712.0000,-3.9559E+001
713.0000,-6.4558E+001
714.0000,-6.5873E+001
715.0000,-9.4317E+001
716.0000,-4.3644E+001
717.0000,-2.5931E+001
718.0000,-1.0599E+001
719.0000,-1.7569E+001
720.0000,-2.3980E+001
721.0000,-4.3223E+000
722.0000,-2.7726E+001
723.0000,-2.0836E+001
724.0000,-1.2050E+001
725.0000,-9.8041E+000
726.0000,-9.6951E+000
727.0000,-7.2588E+000
728.0000,-1.2873E+001
729.0000,-1.3487E+001
730.0000,-1.7196E+001
731.0000,-5.8889E+001
732.0000,-7.2278E+001
733.0000,-3.7906E+001
734.0000,-1.8880E+001
735.0000,-4.7226E+000
736.0000,2.8713E+000
737.0000,1.2209E+001
738.0000,6.9321E+000
739.0000,-1.9567E+001
740.0000,-2.7279E+000
741.0000,-9.0179E+000
742.0000,-1.1777E+001
743.0000,-1.3842E+001
744.0000,-2.4668E+001
745.0000,-3.5467E+001
746.0000,-2.5017E+001
747.0000,-1.6165E+001
748.0000,-2.5135E+001
749.0000,-4.8750E+001
750.0000,-4.9392E+001
751.0000,-3.5547E+001
752.0000,-2.9011E+001
753.0000,-2.5585E+001
754.0000,-4.8864E+001
755.0000,-2.2778E+001
756.0000,-2.0731E+001
757.0000,-3.3216E+001
758.0000,-1.4343E+001
759.0000,-2.0768E+001
760.0000,-3.1777E+001
761.0000,-3.2965E+001
762.0000,-1.2636E+001
763.0000,-1.1945E+001
764.0000,-8.3678E+000
765.0000,-2.4348E+000
766.0000,-2.0145E+000
767.0000,-1.3403E+001
768.0000,-1.1063E+001
769.0000,-1.5561E+001
770.0000,-2.7116E+001
771.0000,-8.7651E+001
772.0000,-4.0272E+001
773.0000,-1.9897E+001
774.0000,-3.6203E+001
775.0000,-2.7327E+001
776.0000,-4.5949E+001
777.0000,-3.6610E+001
778.0000,1.2294E+001
779.0000,-3.9333E+001
780.0000,-5.2031E+001
781.0000,-4.5408E+001
782.0000,-2.7019E+001
783.0000,-2.2866E+001
784.0000,-2.6159E+001
785.0000,-1.5492E+001
786.0000,-1.0810E+001
787.0000,-2.7837E+001
788.0000,-5.7747E+001
789.0000,-4.2463E+001
790.0000,-2.4128E+001
791.0000,-4.3095E+001
792.0000,-2.2726E+001
793.0000,-7.0709E-001
794.0000,-1.2965E+001
795.0000,-1.3356E+001
796.0000,-8.5727E+000
797.0000,-8.1072E-001
798.0000,-6.4233E+001
799.0000,-4.2927E+001
800.0000,-2.4352E+001
801.0000,-1.7774E+001
802.0000,-2.7864E+001
803.0000,-4.9180E+000
804.0000,-3.5660E+000
805.0000,-1.6444E+001
806.0000,-5.7318E+001
807.0000,-1.8504E+001
808.0000,-1.8014E+001
809.0000,-1.9172E+001
810.0000,-9.4849E+001
811.0000,-6.7649E+001
812.0000,-5.0460E+001
813.0000,-2.4117E+001
814.0000,-3.2452E+001
815.0000,-1.7922E+001
816.0000,-1.8200E+001
817.0000,-1.1050E+001
818.0000,-6.1183E+001
819.0000,-2.8741E+001
820.0000,-1.8594E+001
821.0000,5.2447E+001
822.0000,-7.1255E+001
823.0000,-3.8921E+001
824.0000,-1.2483E+001
825.0000,-2.9753E+000
826.0000,-9.6917E+000
827.0000,-2.2292E+001
828.0000,-2.1545E+001
829.0000,-1.4003E+001
830.0000,-9.6596E+000
831.0000,-1.1363E+001
832.0000,1.0628E+001
833.0000,-3.8688E+001
834.0000,-4.6568E+001
835.0000,-3.3250E+001
836.0000,-2.3116E+001
837.0000,-1.7718E+001
838.0000,-1.3296E+001
839.0000,-1.5194E+001
840.0000,-8.6046E+000
841.0000,-8.0925E+000
842.0000,-1.0733E+001
843.0000,-2.3212E+000
844.0000,-3.9669E+001
845.0000,-2.7601E+001
846.0000,-4.9806E+001
847.0000,-2.5330E+001
848.0000,-4.1169E+001
849.0000,-2.7428E+001
850.0000,-6.0049E+001
851.0000,-3.8741E+001
852.0000,-3.5515E+001
853.0000,-5.2366E+001
854.0000,-2.1254E+001
855.0000,-1.4538E+001
856.0000,-2.4508E+001
857.0000,-3.9033E+001
858.0000,-1.5571E+001
859.0000,-3.2895E+001
860.0000,-4.7105E+001
861.0000,-5.1398E+001
862.0000,-7.9096E+001
863.0000,-5.8464E+001
864.0000,-3.7157E+001
865.0000,-3.2541E+001
866.0000,-3.3207E+001
867.0000,-5.1877E+001
868.0000,-5.6992E+001
869.0000,-1.1447E+002
870.0000,-5.0932E+001
871.0000,-5.6402E+001
872.0000,-7.1812E+001
873.0000,-8.4120E+001
874.0000,-6.5013E+001
875.0000,-4.6763E+001
876.0000,-3.0441E+001
877.0000,-1.2577E+001
878.0000,-1.0708E+002
879.0000,-8.1291E+001
880.0000,-3.5611E+001
881.0000,-1.5792E+001
882.0000,-3.6109E+001
883.0000,-5.1154E+001
