"",32.500
150.0000,0.0000E+000
151.0000,1.4603E+002
152.0000,6.2919E+001
153.0000,4.8939E+001
154.0000,5.9260E+001
155.0000,1.1142E+002
156.0000,1.7438E+002
157.0000,5.2135E+001
158.0000,5.5167E+001
159.0000,4.8608E+001
160.0000,6.0339E+001
161.0000,7.2017E+001
162.0000,1.8863E+002
163.0000,1.6602E+002
164.0000,1.2476E+002
165.0000,1.7558E+002
166.0000,1.9024E+002
167.0000,1.1983E+002
168.0000,2.0258E+002
169.0000,1.8502E+002
170.0000,1.7361E+002
171.0000,1.9490E+002
172.0000,1.5407E+002
173.0000,1.2979E+002
174.0000,1.2859E+002
175.0000,1.8614E+002
176.0000,8.1967E+001
177.0000,1.8819E+002
178.0000,1.1717E+002
179.0000,1.3510E+002
180.0000,1.7975E+002
181.0000,1.9650E+002
182.0000,1.8141E+002
183.0000,2.1399E+002
184.0000,1.7567E+002
185.0000,1.9825E+002
186.0000,1.8802E+002
187.0000,1.9208E+002
188.0000,2.0672E+002
189.0000,2.0793E+002
190.0000,1.6438E+002
191.0000,1.5640E+002
192.0000,1.2706E+002
193.0000,1.5200E+002
194.0000,2.0698E+002
195.0000,1.7505E+002
196.0000,1.9642E+002
197.0000,2.0188E+002
198.0000,1.8846E+002
199.0000,2.0807E+002
200.0000,1.9309E+002
201.0000,1.4926E+002
202.0000,9.7321E+001
203.0000,8.6984E+001
204.0000,1.8979E+002
205.0000,1.9658E+002
206.0000,1.5471E+002
207.0000,1.6290E+002
208.0000,1.3788E+002
209.0000,1.7099E+002
210.0000,1.9665E+002
211.0000,1.9391E+002
212.0000,1.3443E+002
213.0000,1.7779E+002
214.0000,1.5576E+002
215.0000,1.2215E+002
216.0000,1.8400E+002
217.0000,1.8115E+002
218.0000,1.1664E+002
219.0000,1.8711E+002
220.0000,1.9257E+002
221.0000,1.5174E+002
222.0000,1.9592E+002
223.0000,1.9200E+002
224.0000,1.8073E+002
225.0000,1.8335E+002
226.0000,1.8178E+002
227.0000,1.5842E+002
228.0000,1.8746E+002
229.0000,1.7164E+002
230.0000,1.4606E+002
231.0000,1.0954E+002
232.0000,1.5766E+002
233.0000,1.7492E+002
234.0000,1.6746E+002
235.0000,1.5760E+002
236.0000,1.4189E+002
237.0000,1.3288E+002
238.0000,5.1670E+001
239.0000,1.5558E+002
240.0000,5.2890E+001
241.0000,1.6654E+002
242.0000,1.7212E+002
243.0000,1.3921E+002
244.0000,1.2332E+002
245.0000,6.5904E+001
246.0000,1.1503E+002
247.0000,1.2012E+002
248.0000,8.8474E+001
249.0000,1.5412E+002
250.0000,1.5202E+002
251.0000,1.3425E+002
252.0000,1.3680E+002
253.0000,1.4348E+002
254.0000,1.5260E+002
255.0000,7.6712E+001
256.0000,4.4650E+001
257.0000,7.4309E+001
258.0000,1.4039E+002
259.0000,1.3995E+002
260.0000,1.3614E+002
261.0000,1.1693E+002
262.0000,1.2038E+002
263.0000,1.2861E+002
264.0000,1.2275E+002
265.0000,4.3938E+001
266.0000,9.1730E+001
267.0000,9.6492E+001
268.0000,1.2609E+002
269.0000,1.1787E+002
270.0000,1.2374E+002
271.0000,5.2298E+001
272.0000,1.1314E+002
273.0000,3.8714E+001
274.0000,8.3181E+001
275.0000,1.0891E+002
276.0000,1.1132E+002
277.0000,1.0511E+002
278.0000,1.1254E+002
279.0000,1.1946E+002
280.0000,1.1557E+002
281.0000,1.1137E+002
282.0000,6.4072E+001
283.0000,8.2420E+001
284.0000,7.7034E+001
285.0000,1.0934E+002
286.0000,1.0778E+002
287.0000,7.8869E+001
288.0000,9.5096E+001
289.0000,6.4600E+001
290.0000,6.7498E+001
291.0000,9.4713E+001
292.0000,2.2222E+001
293.0000,9.5566E+001
294.0000,6.1155E+001
295.0000,6.4418E+001
296.0000,5.0816E+001
297.0000,4.3232E+001
298.0000,5.9769E+001
299.0000,8.8802E+001
300.0000,2.3705E+001
301.0000,4.0525E+001
302.0000,7.5172E+001
303.0000,6.7581E+001
304.0000,8.3454E+001
305.0000,4.9028E+001
306.0000,5.6407E+001
307.0000,4.6222E+001
308.0000,4.4132E+001
309.0000,3.6681E+001
310.0000,5.5019E+001
311.0000,2.2054E+001
312.0000,5.9379E+001
313.0000,7.4566E+001
314.0000,6.9190E+001
315.0000,2.5852E+001
316.0000,5.3137E+001
317.0000,2.3505E+001
318.0000,6.2308E+001
319.0000,5.0544E+001
320.0000,6.3212E+001
321.0000,6.4888E+001
322.0000,3.3674E+001
323.0000,5.9486E+001
324.0000,6.5939E+001
325.0000,6.4693E+001
326.0000,4.6561E+001
327.0000,6.3302E+001
328.0000,6.1012E+001
329.0000,5.7046E+001
330.0000,5.4126E+001
331.0000,1.6974E+001
332.0000,3.4321E+001
333.0000,4.9326E+001
334.0000,2.2294E+001
335.0000,4.4955E+001
336.0000,5.0611E+001
337.0000,3.4561E+001
338.0000,3.4075E+001
339.0000,4.3732E+001
340.0000,2.8836E+001
341.0000,3.6354E+001
342.0000,4.2208E+001
343.0000,5.4434E+001
344.0000,1.7733E+001
345.0000,5.5472E+001
346.0000,2.1855E+001
347.0000,5.3768E+001
348.0000,4.7608E+001
349.0000,3.9418E+001
350.0000,3.1007E+001
351.0000,2.9818E+001
352.0000,3.5987E+001
353.0000,5.3202E+001
354.0000,5.2502E+001
355.0000,3.9688E+001
356.0000,1.6573E+001
357.0000,3.5521E+001
358.0000,5.0836E+001
359.0000,2.0920E+001
360.0000,2.6936E+001
361.0000,3.7666E+001
362.0000,5.7026E+001
363.0000,2.2489E+001
364.0000,4.8504E+001
365.0000,1.5990E+001
366.0000,4.9374E+001
367.0000,5.0159E+001
368.0000,4.9424E+001
369.0000,2.1502E+001
370.0000,3.3578E+001
371.0000,5.2286E+001
372.0000,1.8401E+001
373.0000,4.1562E+001
374.0000,3.8395E+001
375.0000,5.0591E+001
376.0000,3.1390E+001
377.0000,3.3289E+001
378.0000,1.7153E+001
379.0000,1.7590E+001
380.0000,4.7399E+001
381.0000,6.2067E+001
382.0000,5.0834E+001
383.0000,2.6774E+001
384.0000,3.7307E+001
385.0000,6.5032E+001
386.0000,2.2928E+001
387.0000,3.4383E+001
388.0000,3.4468E+001
389.0000,4.4325E+001
390.0000,4.5673E+001
391.0000,2.3295E+001
392.0000,5.8616E+001
393.0000,5.1075E+001
394.0000,6.8279E+001
395.0000,5.7592E+001
396.0000,3.4543E+001
397.0000,2.3104E+001
398.0000,6.1549E+001
399.0000,6.3968E+001
400.0000,4.5242E+001
401.0000,7.0451E+001
402.0000,6.6289E+001
403.0000,4.1947E+001
404.0000,5.1244E+001
405.0000,3.6921E+001
406.0000,6.9931E+001
407.0000,6.6292E+001
408.0000,8.4943E+001
409.0000,3.3060E+001
410.0000,8.0849E+001
411.0000,5.2759E+001
412.0000,8.2316E+001
413.0000,5.2462E+001
414.0000,1.0116E+002
415.0000,5.8994E+001
416.0000,9.2388E+001
417.0000,8.6796E+001
418.0000,9.4698E+001
419.0000,9.2957E+001
420.0000,1.0608E+002
421.0000,5.4001E+001
422.0000,4.3302E+001
423.0000,8.9800E+001
424.0000,1.2125E+002
425.0000,3.9757E+001
426.0000,6.9613E+001
427.0000,8.4315E+001
428.0000,4.4462E+001
429.0000,1.3005E+002
430.0000,1.1480E+002
431.0000,7.4047E+001
432.0000,1.2345E+002
433.0000,8.1180E+001
434.0000,1.0598E+002
435.0000,1.3682E+002
436.0000,6.3793E+001
437.0000,1.1186E+002
438.0000,4.3718E+001
439.0000,1.0373E+002
440.0000,6.1153E+001
441.0000,4.9410E+001
442.0000,1.3059E+002
443.0000,1.2563E+002
444.0000,1.5898E+002
445.0000,1.3119E+002
446.0000,1.5599E+002
447.0000,1.5079E+002
448.0000,1.3507E+002
449.0000,6.9341E+001
450.0000,7.2625E+001
451.0000,1.7137E+002
452.0000,1.7575E+002
453.0000,1.1322E+002
454.0000,1.7483E+002
455.0000,1.5610E+002
456.0000,6.7726E+001
457.0000,8.7207E+001
458.0000,5.6589E+001
459.0000,9.0074E+001
460.0000,1.3553E+002
461.0000,1.2687E+002
462.0000,9.3014E+001
463.0000,1.3433E+002
464.0000,9.0808E+001
465.0000,1.6260E+002
466.0000,6.4326E+001
467.0000,8.6644E+001
468.0000,1.1934E+002
469.0000,5.7908E+001
470.0000,4.8462E+001
471.0000,5.0440E+001
472.0000,7.1094E+001
473.0000,1.8426E+002
474.0000,1.9555E+002
475.0000,1.8984E+002
476.0000,1.6073E+002
477.0000,1.9049E+002
478.0000,1.6285E+002
479.0000,1.0450E+002
480.0000,1.8129E+002
481.0000,5.5841E+001
482.0000,8.3629E+001
483.0000,7.9659E+001
484.0000,1.3443E+002
485.0000,1.7632E+002
486.0000,1.2463E+002
487.0000,2.0023E+002
488.0000,2.0098E+002
489.0000,1.6610E+002
490.0000,1.6099E+002
491.0000,1.9984E+002
492.0000,1.9889E+002
493.0000,1.9201E+002
494.0000,1.7570E+002
495.0000,1.3371E+002
496.0000,1.9929E+002
497.0000,2.0837E+002
498.0000,2.0478E+002
499.0000,1.2251E+002
500.0000,1.2365E+002
501.0000,1.5048E+002
502.0000,8.3055E+001
503.0000,7.1050E+001
504.0000,1.2027E+002
505.0000,1.6701E+002
506.0000,2.1074E+002
507.0000,1.4967E+002
508.0000,2.0494E+002
509.0000,2.0474E+002
510.0000,2.0620E+002
511.0000,1.0686E+002
512.0000,1.9478E+002
513.0000,1.9286E+002
514.0000,1.0764E+002
515.0000,9.4743E+001
516.0000,1.6472E+002
517.0000,1.3415E+002
518.0000,1.3268E+002
519.0000,6.8230E+001
520.0000,1.5609E+002
521.0000,1.9413E+002
522.0000,1.9384E+002
523.0000,1.9480E+002
524.0000,1.4161E+002
525.0000,1.6987E+002
526.0000,1.4685E+002
527.0000,1.6898E+002
528.0000,1.6120E+002
529.0000,1.6048E+002
530.0000,1.9794E+002
531.0000,1.5895E+002
532.0000,1.6142E+002
533.0000,2.0321E+002
534.0000,1.6946E+002
535.0000,1.4683E+002
536.0000,1.8682E+002
537.0000,1.5328E+002
538.0000,1.8485E+002
539.0000,1.9851E+002
540.0000,1.7853E+002
541.0000,2.0510E+002
542.0000,1.7069E+002
543.0000,1.4053E+002
544.0000,1.8838E+002
545.0000,1.9204E+002
546.0000,1.9155E+002
547.0000,2.0542E+002
548.0000,1.7787E+002
549.0000,1.4187E+002
550.0000,1.2666E+002
551.0000,1.4235E+002
552.0000,1.6603E+002
553.0000,1.5453E+002
554.0000,1.2300E+002
555.0000,1.9118E+002
556.0000,1.8620E+002
557.0000,2.0376E+002
558.0000,1.7004E+002
559.0000,1.7299E+002
560.0000,1.4317E+002
561.0000,1.7625E+002
562.0000,2.0910E+002
563.0000,1.1739E+002
564.0000,1.3146E+002
565.0000,1.6919E+002
566.0000,2.0053E+002
567.0000,2.0695E+002
568.0000,8.9784E+001
569.0000,1.9794E+002
570.0000,2.0144E+002
571.0000,1.9884E+002
572.0000,1.7114E+002
573.0000,1.2688E+002
574.0000,1.7185E+002
575.0000,1.5688E+002
576.0000,1.9691E+002
577.0000,1.9770E+002
578.0000,1.9760E+002
579.0000,1.8037E+002
580.0000,1.9112E+002
581.0000,2.0007E+002
582.0000,1.0844E+002
583.0000,1.1604E+002
584.0000,9.3997E+001
585.0000,1.9426E+002
586.0000,6.9298E+001
587.0000,1.9158E+002
588.0000,1.8640E+002
589.0000,1.5282E+002
590.0000,1.7719E+002
591.0000,1.6404E+002
592.0000,1.2809E+002
593.0000,1.7360E+002
594.0000,1.5668E+002
595.0000,1.4986E+002
596.0000,1.6192E+002
597.0000,1.6024E+002
598.0000,1.3507E+002
599.0000,7.0403E+001
600.0000,1.3884E+002
601.0000,1.5353E+002
602.0000,1.5571E+002
603.0000,1.7583E+002
604.0000,1.6486E+002
605.0000,1.4519E+002
606.0000,1.5700E+002
607.0000,8.6260E+001
608.0000,1.5962E+002
609.0000,1.6487E+002
610.0000,1.5894E+002
611.0000,1.4332E+002
612.0000,1.6314E+002
613.0000,1.4439E+002
614.0000,1.5182E+002
615.0000,1.2602E+002
616.0000,5.5878E+001
617.0000,6.7086E+001
618.0000,7.6874E+001
619.0000,1.5050E+002
620.0000,9.8309E+001
621.0000,1.0940E+002
622.0000,6.6055E+001
623.0000,1.3976E+002
624.0000,1.1916E+002
625.0000,1.4220E+002
626.0000,1.3919E+002
627.0000,1.3735E+002
628.0000,1.1132E+002
629.0000,1.3022E+002
630.0000,1.3447E+002
631.0000,1.2995E+002
632.0000,1.2920E+002
633.0000,9.0972E+001
634.0000,1.0116E+002
635.0000,9.2238E+001
636.0000,1.2448E+002
637.0000,1.0300E+002
638.0000,1.2269E+002
639.0000,1.2121E+002
640.0000,1.1733E+002
641.0000,1.1076E+002
642.0000,1.1611E+002
643.0000,9.7017E+001
644.0000,1.0010E+002
645.0000,5.2875E+001
646.0000,8.5666E+001
647.0000,4.8782E+001
648.0000,4.8930E+001
649.0000,5.1295E+001
650.0000,1.0370E+002
651.0000,7.2887E+001
652.0000,8.0546E+001
653.0000,1.0413E+002
654.0000,8.7661E+001
655.0000,8.0033E+001
656.0000,5.7837E+001
657.0000,6.8242E+001
658.0000,8.8522E+001
659.0000,9.2863E+001
660.0000,4.6309E+001
661.0000,2.1383E+001
662.0000,8.3623E+001
663.0000,8.8764E+001
664.0000,2.8204E+001
665.0000,7.8290E+001
666.0000,7.4420E+001
667.0000,7.6466E+001
668.0000,7.9236E+001
669.0000,3.7063E+001
670.0000,8.6981E+001
671.0000,5.7548E+001
672.0000,8.4031E+001
673.0000,7.3878E+001
674.0000,3.7322E+001
675.0000,5.1889E+001
676.0000,6.6036E+001
677.0000,5.0320E+001
678.0000,5.9077E+001
679.0000,7.6487E+001
680.0000,5.5089E+001
681.0000,6.8349E+001
682.0000,7.0416E+001
683.0000,2.5513E+001
684.0000,2.1940E+001
685.0000,5.9113E+001
686.0000,6.8724E+001
687.0000,6.7906E+001
688.0000,2.3785E+001
689.0000,2.3447E+001
690.0000,3.3531E+001
691.0000,4.9655E+001
692.0000,6.1517E+001
693.0000,6.0577E+001
694.0000,2.2387E+001
695.0000,3.7477E+001
696.0000,5.9168E+001
697.0000,3.1285E+001
698.0000,5.3295E+001
699.0000,4.8756E+001
700.0000,2.0708E+001
701.0000,1.4264E+001
702.0000,2.9299E+001
703.0000,3.3403E+001
704.0000,5.7185E+001
705.0000,4.5839E+001
706.0000,4.4585E+001
707.0000,3.3797E+001
708.0000,2.2807E+001
709.0000,4.8111E+001
710.0000,3.4840E+001
711.0000,3.7544E+001
712.0000,2.3720E+001
713.0000,5.4098E+001
714.0000,1.5266E+001
715.0000,4.7042E+001
716.0000,4.8785E+001
717.0000,4.2212E+001
718.0000,1.5279E+001
719.0000,2.8200E+001
720.0000,5.3532E+001
721.0000,2.1511E+001
722.0000,3.2110E+001
723.0000,4.3853E+001
724.0000,5.0804E+001
725.0000,1.9941E+001
726.0000,4.4825E+001
727.0000,3.8498E+001
728.0000,5.0077E+001
729.0000,2.5412E+001
730.0000,1.4219E+001
731.0000,3.8106E+001
732.0000,5.4251E+001
733.0000,4.6934E+001
734.0000,4.2098E+001
735.0000,3.6386E+001
736.0000,2.7523E+001
737.0000,4.4067E+001
738.0000,3.3274E+001
739.0000,5.3415E+001
740.0000,2.1420E+001
741.0000,5.5360E+001
742.0000,5.4102E+001
743.0000,1.2315E+001
744.0000,4.1724E+001
745.0000,5.5060E+001
746.0000,5.0387E+001
747.0000,4.4191E+001
748.0000,5.9964E+001
749.0000,4.3046E+001
750.0000,4.4827E+001
751.0000,2.4582E+001
752.0000,4.3156E+001
753.0000,2.4548E+001
754.0000,6.0704E+001
755.0000,5.2346E+001
756.0000,2.5326E+001
757.0000,6.8054E+001
758.0000,5.0945E+001
759.0000,2.7646E+001
760.0000,7.1659E+001
761.0000,3.1820E+001
762.0000,5.8064E+001
763.0000,5.8379E+001
764.0000,2.4941E+001
765.0000,3.5971E+001
766.0000,2.7273E+001
767.0000,2.0790E+001
768.0000,5.0023E+001
769.0000,2.5449E+001
770.0000,5.6388E+001
771.0000,7.3600E+001
772.0000,8.6847E+001
773.0000,2.9387E+001
774.0000,8.9051E+001
775.0000,4.4870E+001
776.0000,9.2785E+001
777.0000,7.7278E+001
778.0000,4.5909E+001
779.0000,5.5033E+001
780.0000,5.9102E+001
781.0000,8.5175E+001
782.0000,2.4054E+001
783.0000,5.5637E+001
784.0000,9.1015E+001
785.0000,9.1591E+001
786.0000,3.5884E+001
787.0000,3.2386E+001
788.0000,6.3125E+001
789.0000,1.0852E+002
790.0000,5.7801E+001
791.0000,1.1899E+002
792.0000,8.0763E+001
793.0000,5.0288E+001
794.0000,4.2570E+001
795.0000,1.3157E+002
796.0000,9.5519E+001
797.0000,4.5335E+001
798.0000,7.4733E+001
799.0000,1.3380E+002
800.0000,1.4092E+002
801.0000,3.9469E+001
802.0000,1.2313E+002
803.0000,9.6280E+001
804.0000,9.1991E+001
805.0000,6.9662E+001
806.0000,1.5396E+002
807.0000,9.1832E+001
808.0000,3.4992E+001
809.0000,3.6805E+001
810.0000,1.0771E+002
811.0000,1.6260E+002
812.0000,1.6362E+002
813.0000,1.1879E+002
814.0000,1.6771E+002
815.0000,9.3974E+001
816.0000,1.3028E+002
817.0000,4.1630E+001
818.0000,1.3939E+002
819.0000,1.7591E+002
820.0000,6.0049E+001
821.0000,7.8715E+001
822.0000,1.6533E+002
823.0000,1.7191E+002
824.0000,4.0888E+001
825.0000,1.1342E+002
826.0000,1.4066E+002
827.0000,1.7394E+002
828.0000,1.7456E+002
829.0000,1.6597E+002
830.0000,1.6899E+002
831.0000,7.9448E+001
832.0000,1.5493E+002
833.0000,8.2417E+001
834.0000,1.3312E+002
835.0000,1.8931E+002
836.0000,1.8774E+002
837.0000,1.8734E+002
838.0000,1.8762E+002
839.0000,1.8684E+002
840.0000,1.8132E+002
841.0000,1.8185E+002
842.0000,1.8218E+002
843.0000,1.3418E+002
844.0000,1.9653E+002
845.0000,1.9655E+002
846.0000,1.4476E+002
847.0000,1.0806E+002
848.0000,6.7190E+001
849.0000,4.5416E+001
850.0000,1.3083E+002
851.0000,1.4675E+002
852.0000,1.0540E+002
853.0000,4.3112E+001
854.0000,9.7494E+001
855.0000,1.8160E+002
856.0000,1.8712E+002
857.0000,1.9961E+002
858.0000,1.6106E+002
859.0000,1.7365E+002
860.0000,1.4850E+002
861.0000,2.0467E+002
862.0000,1.7344E+002
863.0000,1.9924E+002
864.0000,2.0457E+002
865.0000,9.8766E+001
866.0000,1.6366E+002
867.0000,1.8954E+002
868.0000,1.7683E+002
869.0000,1.3563E+002
870.0000,1.8649E+002
871.0000,1.5253E+002
872.0000,1.0741E+002
873.0000,1.5965E+002
874.0000,1.4749E+002
875.0000,2.1252E+002
876.0000,1.9491E+002
877.0000,1.5992E+002
878.0000,2.0786E+002
879.0000,2.1250E+002
880.0000,2.1243E+002
881.0000,1.4537E+002
882.0000,1.4820E+002
883.0000,1.7324E+002
